[001111
001011
111101
111111
001100
001100]
s:15
t:0


{0000000001111100
0000000010000010
0000000100000001
0000000100000001
0000001000000001
0000001000000001
0000010000000001
0000010000000010
0000100000001100
0000100000110000
0001100011000000
0111111100000000
1111110000000000
1111100000000000
1111100000000000
0111000000000000}
s:5
t:25
e:life



[11000000000000000000
01100000000000000000
11000000000000000000
01100000000000000000
00100000000000000000
00011011111111111111
00011011111111111111]
s:15
t:40
